Kp : 0.001154
Ki : 0.7691
Kd : 0.00003125
Setpoint : 0