Kp : 0.003157
Ki : 0.3157
Kd : 0.000007893
Setpoint : 0